93
0
-103
0
-94
0
-79
0
-75
0
-74
0
-73
0
-70
0
-69
0
-66
0
-63
0
-59
0
-58
0
-56
0
-55
0
-52
0
-51
0
-49
0
-48
0
-47
0
-44
0
-42
0
-38
0
-35
0
-33
0
-31
0
-29
0
-23
0
-22
0
-19
0
-18
0
-17
0
-16
0
-15
0
-14
0
-13
0
-12
0
-11
0
-10
0
-9
0
-8
0
-7
0
-6
0
-5
0
-4
0
-3
0
-2
0
-1
0
0
0
1
0
2
0
3
0
4
0
5
0
6
0
7
0
8
0
9
0
10
0
11
0
12
0
13
0
14
0
15
0
16
0
17
0
18
0
19
0
24
0
26
0
27
0
29
0
30
0
32
0
33
0
35
0
40
0
45
0
46
0
53
0
55
0
58
0
60
0
64
0
67
0
68
0
69
0
71
0
72
0
73
0
75
0
84
0
94
0
118
0
