113
0
-118
0
-104
0
-98
0
-85
0
-83
0
-81
0
-80
0
-79
0
-78
0
-77
0
-70
0
-68
0
-65
0
-63
0
-59
0
-56
0
-51
0
-50
0
-48
0
-47
0
-45
0
-44
0
-43
0
-42
0
-41
0
-40
0
-39
0
-38
0
-37
0
-35
0
-33
0
-31
0
-30
0
-29
0
-28
0
-27
0
-25
0
-24
0
-23
0
-22
0
-21
0
-20
0
-17
0
-16
0
-15
0
-14
0
-13
0
-12
0
-11
0
-10
0
-9
0
-8
0
-7
0
-6
0
-5
0
-4
0
-3
0
-2
0
-1
0
0
0
1
0
2
0
3
0
4
0
5
0
6
0
7
0
8
0
9
0
10
0
11
0
12
0
13
0
14
0
15
0
16
0
17
0
19
0
22
0
23
0
24
0
25
0
28
0
29
0
30
0
32
0
34
0
35
0
36
0
38
0
39
0
40
0
44
0
45
0
50
0
51
0
52
0
53
0
55
0
59
0
61
0
62
0
68
0
70
0
71
0
77
0
89
0
95
0
98
0
99
0
103
0
112
0
122
0
