107
0
-109
0
-98
0
-88
0
-82
0
-81
0
-80
0
-77
0
-73
0
-71
0
-70
0
-69
0
-63
0
-59
0
-58
0
-57
0
-56
0
-51
0
-49
0
-45
0
-44
0
-41
0
-40
0
-39
0
-38
0
-37
0
-36
0
-35
0
-30
0
-28
0
-27
0
-26
0
-25
0
-23
0
-22
0
-21
0
-20
0
-18
0
-17
0
-16
0
-15
0
-14
0
-13
0
-12
0
-11
0
-10
0
-9
0
-8
0
-7
0
-6
0
-5
0
-4
0
-3
0
-2
0
-1
0
0
0
1
0
2
0
3
0
4
0
5
0
6
0
7
0
8
0
9
0
10
0
11
0
12
0
13
0
14
0
15
0
17
0
18
0
22
0
23
0
25
0
27
0
28
0
29
0
32
0
33
0
36
0
37
0
38
0
39
0
40
0
41
0
42
0
46
0
49
0
50
0
51
0
52
0
56
0
58
0
63
0
65
0
66
0
67
0
70
0
74
0
77
0
80
0
86
0
90
0
97
0
99
0
109
0
