109
0
-95
0
-80
0
-78
0
-73
0
-72
0
-66
0
-65
0
-63
0
-62
0
-61
0
-60
0
-59
0
-58
0
-56
0
-54
0
-53
0
-52
0
-51
0
-50
0
-48
0
-42
0
-39
0
-37
0
-36
0
-35
0
-34
0
-33
0
-30
0
-29
0
-27
0
-24
0
-23
0
-22
0
-21
0
-19
0
-18
0
-17
0
-16
0
-15
0
-14
0
-13
0
-12
0
-11
0
-10
0
-9
0
-8
0
-7
0
-6
0
-5
0
-4
0
-3
0
-2
0
-1
0
0
0
1
0
2
0
3
0
4
0
5
0
6
0
7
0
8
0
9
0
10
0
11
0
12
0
13
0
14
0
15
0
16
0
18
0
19
0
20
0
21
0
22
0
23
0
25
0
30
0
32
0
33
0
36
0
37
0
45
0
46
0
47
0
50
0
51
0
52
0
53
0
54
0
55
0
57
0
58
0
59
0
60
0
73
0
75
0
76
0
78
0
83
0
86
0
87
0
90
0
92
0
96
0
102
0
105
0
111
0
124
0
