99
0
-100
0
-98
0
-87
0
-86
0
-81
0
-78
0
-77
0
-76
0
-75
0
-73
0
-69
0
-67
0
-60
0
-58
0
-57
0
-54
0
-53
0
-50
0
-42
0
-39
0
-33
0
-32
0
-30
0
-29
0
-28
0
-26
0
-25
0
-24
0
-23
0
-17
0
-16
0
-15
0
-14
0
-13
0
-12
0
-11
0
-10
0
-9
0
-8
0
-7
0
-6
0
-5
0
-4
0
-3
0
-2
0
-1
0
0
0
1
0
2
0
3
0
4
0
5
0
6
0
7
0
8
0
9
0
10
0
11
0
12
0
13
0
14
0
15
0
17
0
18
0
19
0
21
0
22
0
23
0
24
0
25
0
26
0
27
0
28
0
30
0
32
0
33
0
35
0
36
0
37
0
38
0
40
0
43
0
46
0
50
0
53
0
56
0
57
0
59
0
60
0
64
0
65
0
67
0
68
0
69
0
70
0
79
0
92
0
102
0
122
0
